true	Predictions
-1.93858802318573	-2.0127151012420654
-0.9345998764038086	-0.8229568004608154
-1.6288959980010986	-2.4971983432769775
-2.0494866371154785	-3.0507991313934326
-0.9637178778648376	-1.4473904371261597
0.1478249877691269	-0.23955658078193665
-0.634003221988678	-0.6311992406845093
-1.6906262636184692	-1.6348398923873901
-0.2923489511013031	-0.241486594080925
-1.137402057647705	-1.1434876918792725
-0.6667818427085876	-0.5975739359855652
-2.186572551727295	-1.936379075050354
-2.4091641902923584	-2.643641233444214
-2.137960910797119	-2.0477383136749268
-2.2260594367980957	-1.7840111255645752
-0.943325400352478	-1.3144760131835938
-0.8417748212814331	-1.0307286977767944
-1.9463802576065063	-2.341346502304077
-0.8695144653320312	-1.7249830961227417
-0.4641329050064087	-1.0123296976089478
-1.7761775255203247	-1.8661450147628784
-2.159350872039795	-2.365828514099121
-1.9983925819396973	-1.7886041402816772
-2.0465638637542725	-2.2998225688934326
-2.4774303436279297	-2.31652569770813
-2.5476930141448975	-3.0399420261383057
-2.3493056297302246	-2.083350896835327
-0.5704305768013	-0.6284159421920776
-1.0560557842254639	-1.1513149738311768
-1.6605206727981567	-1.6208081245422363
-1.1617374420166016	-1.3788182735443115
-2.376302719116211	-2.830383062362671
-2.0221543312072754	-2.374404191970825
-1.4984557628631592	-1.4962553977966309
-0.5784569382667542	-0.856564998626709
-1.5533033609390259	-1.7616342306137085
-1.0337772369384766	-1.3588769435882568
-1.8692455291748047	-2.3599510192871094
-2.2710282802581787	-2.750408887863159
-2.9216103553771973	-3.22051739692688
-0.2700910270214081	-0.7951549291610718
-2.882082223892212	-2.9101498126983643
-1.842972755432129	-1.9099034070968628
-0.21679995954036713	-1.478434681892395
-0.2273649424314499	-0.3473894000053406
-1.2996066808700562	-1.9813638925552368
-1.7919255495071411	-2.3761885166168213
0.07909761369228363	-0.6091722249984741
-1.5911462306976318	-2.280038833618164
-1.919515609741211	-2.834211587905884
-0.9443893432617188	-1.4488047361373901
-0.23024751245975494	-1.0359885692596436
-1.6415170431137085	-1.9603217840194702
-2.2198352813720703	-1.7630361318588257
-1.4573951959609985	-0.9816340208053589
1.3744646310806274	1.5277656316757202
-1.232838749885559	-1.3184555768966675
-0.7769397497177124	-1.2182663679122925
-1.0086994171142578	-0.46094638109207153
-0.32666268944740295	0.13137486577033997
-2.3016154766082764	-2.6538069248199463
-1.8356988430023193	-1.500910997390747
-2.230813503265381	-2.2959787845611572
-2.581439733505249	-2.6317739486694336
-0.43532246351242065	-0.42279496788978577
1.028508186340332	0.9560469388961792
-2.7026164531707764	-3.4201433658599854
-0.6520878076553345	-0.3877759277820587
-1.5273879766464233	-1.5231157541275024
-0.6358089447021484	-0.7637242078781128
-2.707634210586548	-3.0092933177948
-1.363019347190857	-1.1840318441390991
-1.8196467161178589	-1.7325624227523804
-2.849283218383789	-3.1554362773895264
-2.1196887493133545	-3.126826047897339
-2.104349136352539	-1.5130573511123657
-1.7621171474456787	-1.4833416938781738
-3.0177488327026367	-2.7199113368988037
-0.5639170408248901	-0.422866553068161
0.024848653003573418	0.6243029832839966
-2.2197155952453613	-2.845763921737671
1.0140125751495361	0.8691763877868652
-1.601688027381897	-1.4577316045761108
-1.56230628490448	-1.4343069791793823
0.05686221271753311	0.24751576781272888
-2.7244997024536133	-3.3929595947265625
-1.3460549116134644	-1.11094331741333
-1.8851979970932007	-1.4661959409713745
-2.5846774578094482	-2.3529164791107178
-0.46937984228134155	-1.0387489795684814
-2.436467409133911	-3.0112197399139404
-3.3458034992218018	-3.18945050239563
-0.5592248439788818	-0.1666157841682434
-1.0701355934143066	-1.2266809940338135
-1.2837233543395996	-1.3923805952072144
-1.4075589179992676	-1.1507830619812012
0.3532590866088867	0.7974966764450073
-0.811518669128418	-0.06498956680297852
-1.1792021989822388	-2.360191583633423
-1.9262330532073975	-1.7299766540527344
-1.561838984489441	-1.4876986742019653
-1.1489323377609253	-1.2360228300094604
-0.8139304518699646	-0.5127091407775879
-1.0059092044830322	-1.0541735887527466
-1.1969574689865112	-1.5905767679214478
-3.073596477508545	-2.6296284198760986
-1.7881340980529785	-2.289565324783325
-1.4188340902328491	-1.225111484527588
-3.1128594875335693	-2.4919331073760986
-2.485262393951416	-2.024738311767578
-2.030933380126953	-2.0760080814361572
-2.040736436843872	-2.3235654830932617
-0.06642615795135498	0.022530823945999146
-1.9482660293579102	-2.312148332595825
-0.6142306923866272	-0.3483670651912689
-2.362100601196289	-2.3655662536621094
-2.12484073638916	-1.8477100133895874
0.26520636677742004	-0.0914769172668457
-1.6766146421432495	-2.246464967727661
-1.073672890663147	-0.37026768922805786
-3.3104209899902344	-3.8693621158599854
-2.606438636779785	-3.077366590499878
-0.9111589193344116	-0.9912102222442627
-1.2052102088928223	-1.0038865804672241
-0.6474436521530151	-0.6065658330917358
-1.2032197713851929	-2.2411398887634277
-4.1339921951293945	-4.188908100128174
-2.3128557205200195	-2.6960465908050537
-3.545745849609375	-3.329061269760132
-3.400796413421631	-4.050560474395752
-0.9154260754585266	-1.4822036027908325
-2.458583116531372	-2.072904586791992
-0.21535146236419678	-0.3271666467189789
-1.8025555610656738	-1.4816954135894775
-1.2737088203430176	-1.9957553148269653
-1.06381094455719	-0.9220053553581238
-1.2584325075149536	-1.6994010210037231
-1.9036277532577515	-2.7249975204467773
-0.23865319788455963	-0.7615692615509033
-1.84358549118042	-2.16191029548645
-0.8513109087944031	-1.3861172199249268
0.24249903857707977	-0.7543255686759949
-1.221648097038269	-2.028468370437622
-0.6913787126541138	-0.5300864577293396
-1.9390885829925537	-1.5096681118011475
-2.085660934448242	-1.103370189666748
-2.8759725093841553	-2.519739866256714
-2.1805179119110107	-2.1037538051605225
-2.267691135406494	-1.6210097074508667
-2.9086742401123047	-2.367276668548584
-3.1058998107910156	-2.7226884365081787
-1.8684872388839722	-1.5353111028671265
-2.763521194458008	-2.941679000854492
-2.783384323120117	-2.5035617351531982
-1.3009169101715088	-1.5728098154067993
-2.1728997230529785	-1.8019676208496094
0.03718976676464081	0.1660989224910736
-0.8401703238487244	-0.2730717062950134
-0.3276197016239166	-0.3951614499092102
-1.7852030992507935	-2.378596067428589
-1.4680078029632568	-1.4452253580093384
0.036707937717437744	-0.8449746370315552
-1.5786614418029785	-2.0023560523986816
-1.6012961864471436	-2.1024556159973145
-1.8833156824111938	-1.6855522394180298
-1.6136267185211182	-2.3286380767822266
-0.4658506214618683	-0.8919856548309326
-0.5022292733192444	-1.5308059453964233
-0.6938754320144653	-1.4018193483352661
-0.7713162899017334	-1.1701152324676514
0.09747150540351868	0.05681249499320984
-1.6809929609298706	-0.9840220212936401
-0.3519603908061981	-0.04436600208282471
0.3198491334915161	-0.33110934495925903
-1.3706376552581787	-2.1987876892089844
-1.8879951238632202	-2.6550986766815186
-2.730050563812256	-2.2301981449127197
-1.0413070917129517	-0.6912555694580078
-1.964107632637024	-1.4406474828720093
-1.3281726837158203	-1.7035958766937256
1.084503173828125	1.0251599550247192
-0.7066418528556824	-0.6429058313369751
-1.3608449697494507	-1.4656273126602173
-0.6862112283706665	-0.699600100517273
-1.527747392654419	-1.323502779006958
-1.0945327281951904	-0.9350231885910034
-1.3135756254196167	-1.0504745244979858
-1.10101318359375	-1.062697172164917
-0.6473233103752136	-0.44956856966018677
0.03990314528346062	-0.33974695205688477
-0.5614752769470215	-0.2971915602684021
-2.507681369781494	-2.0460731983184814
-1.8970999717712402	-1.1821520328521729
-1.2141140699386597	-0.6512565016746521
-2.0083346366882324	-1.620037317276001
-2.463305711746216	-2.105440378189087
-0.5863073468208313	-0.06201237440109253
-1.6477786302566528	-2.0493662357330322
-2.105473518371582	-1.7979236841201782
-1.7910077571868896	-1.576786994934082
-0.7643596529960632	-0.5298030972480774
-3.085254430770874	-2.693662405014038
-0.7580249309539795	-0.10635104775428772
-2.461841106414795	-1.6300239562988281
-2.397998571395874	-2.0378921031951904
-2.477935314178467	-2.855553388595581
-1.9709315299987793	-1.545331358909607
-2.002169370651245	-0.8869415521621704
-1.4620399475097656	-1.5420503616333008
-1.0291374921798706	-0.7695531845092773
-1.9182686805725098	-2.3994622230529785
-1.0389641523361206	-1.4881263971328735
-2.2408785820007324	-2.339975357055664
-2.162858009338379	-2.3042714595794678
-0.2150290608406067	-0.5213332772254944
-1.5333939790725708	-1.5973988771438599
-2.248845338821411	-2.6421773433685303
-1.059119462966919	-1.627074956893921
0.31316712498664856	0.1777866780757904
-1.2496747970581055	-1.9330610036849976
-1.8235969543457031	-2.474421262741089
-0.34900447726249695	-0.7391586899757385
-0.3250282406806946	-0.5497334003448486
-0.008875240571796894	-0.5813151001930237
-0.674270510673523	-1.041765809059143
-0.7035995721817017	-0.8187190294265747
-1.4176777601242065	-2.1181225776672363
-1.104755163192749	-2.123429298400879
-0.6716244220733643	-1.5434390306472778
-0.4140377640724182	-1.8423235416412354
-1.383745551109314	-1.5563886165618896
-1.7704520225524902	-2.2483315467834473
-0.3619631826877594	-0.010656744241714478
-2.2487411499023438	-2.5183756351470947
-2.297557830810547	-2.491912841796875
-2.19927978515625	-2.463951826095581
-2.163867235183716	-2.248969078063965
-2.2419228553771973	-2.5575664043426514
-2.704699754714966	-3.073530912399292
-1.260888934135437	-1.5771294832229614
-1.0235168933868408	-1.5409146547317505
-1.8895024061203003	-2.273362398147583
-1.8208011388778687	-1.8769495487213135
-0.6756688356399536	-1.1114706993103027
-2.4057822227478027	-3.1646368503570557
-2.5884952545166016	-3.0385019779205322
-2.488654375076294	-2.5114169120788574
-2.1309032440185547	-3.090646266937256
-2.360931634902954	-2.7878942489624023
-2.9465136528015137	-3.5977838039398193
-2.946511745452881	-3.2168941497802734
-1.5366709232330322	-1.556748628616333
-2.050123453140259	-2.580791711807251
-1.7542556524276733	-1.8431422710418701
-0.8488399982452393	-0.6576467752456665
-2.132648229598999	-2.148205041885376
-1.970637321472168	-2.4098315238952637
-1.793012261390686	-1.6766141653060913
-0.5985499620437622	-0.803907036781311
-1.9244295358657837	-1.4916635751724243
-0.06175309419631958	-0.3785132169723511
-1.8019673824310303	-2.9587879180908203
-0.8685272932052612	-1.7889238595962524
-1.4701718091964722	-2.7137668132781982
-2.2167651653289795	-1.9176347255706787
-1.8999640941619873	-1.6149758100509644
-2.086498260498047	-2.269371271133423
-1.3787469863891602	-1.7902928590774536
0.405818372964859	0.671197772026062
-0.0671563446521759	-0.23286443948745728
-0.18488362431526184	0.005736708641052246
-1.9359232187271118	-2.0111770629882812
-0.34377992153167725	-0.10075768828392029
-3.184617042541504	-2.8333921432495117
-1.3103893995285034	-0.6519125699996948
-2.5757646560668945	-2.6531450748443604
-2.926297664642334	-3.198948383331299
-3.2342002391815186	-2.979384660720825
-2.4891629219055176	-1.5435889959335327
-2.7269623279571533	-2.6261379718780518
0.2163444459438324	0.4834396541118622
-1.2482103109359741	-1.1148182153701782
-0.16147243976593018	-0.31814783811569214
-2.046556234359741	-2.3839590549468994
-1.4090226888656616	-1.533153772354126
-1.2707966566085815	-2.2734525203704834
-1.2115447521209717	-1.339187502861023
-1.4052733182907104	-2.6265037059783936
-1.7451775074005127	-2.505902051925659
-1.7143373489379883	-1.9794772863388062
-1.4245654344558716	-1.487728238105774
-0.22202792763710022	-0.11104997992515564
-1.5878525972366333	-1.2720855474472046
0.8259326219558716	1.038580060005188
-1.8936858177185059	-1.5950802564620972
-1.6365315914154053	-1.9163860082626343
-2.772054433822632	-1.8091193437576294
-1.9064298868179321	-1.703978180885315
-2.0824060440063477	-1.3633545637130737
-2.3449885845184326	-2.5071473121643066
-0.32496586441993713	-0.26878994703292847
-1.9729361534118652	-1.7378977537155151
-1.9729361534118652	-1.7378976345062256
-1.0256397724151611	-0.35192447900772095
-1.7655071020126343	-1.3081194162368774
-2.099048376083374	-2.308917760848999
-1.2083724737167358	-1.1149812936782837
-1.9096717834472656	-2.0519495010375977
-1.099802017211914	-1.4499820470809937
-2.1421258449554443	-2.6550614833831787
-2.226837635040283	-2.6226632595062256
-2.878721237182617	-3.263840436935425
-0.5507070422172546	-0.6163520216941833
-2.0499215126037598	-2.926544666290283
-1.714515209197998	-2.3322954177856445
-1.442686915397644	-1.885656714439392
-3.4954235553741455	-3.9951999187469482
-2.2861311435699463	-2.2703065872192383
-2.1796863079071045	-2.859109401702881
-0.20680400729179382	-0.6825803518295288
-2.1432080268859863	-2.718965530395508
-1.734745979309082	-1.5061696767807007
1.0095442533493042	1.5704940557479858
0.6844948530197144	0.37211278080940247
-1.2243082523345947	-1.4132953882217407
-2.05558443069458	-2.2892069816589355
-0.6884780526161194	-0.7518841624259949
